########## Node Bluetooth Wifi Zigbee
1 1 1 
1 1 0 
1 1 1 
1 1 0 
1 1 1 
1 1 1 
1 1 1 
1 1 1 
1 1 1 
1 1 1 
1 1 1 
1 1 1 
1 1 0 
1 1 1 
1 1 1 
1 1 0 
1 1 1 
1 1 1 
1 1 1 
1 1 1 
########## Edge Presense
0 0 1 0 1 0 1 0 0 1 1 1 1 1 1 1 0 0 1 0 
0 0 1 0 0 1 0 1 1 0 0 1 0 0 0 0 0 1 1 1 
1 1 0 1 0 0 1 1 1 1 0 0 0 0 0 0 0 0 1 0 
0 0 1 0 1 1 0 1 0 1 0 0 1 0 0 1 1 1 0 1 
1 0 0 1 0 0 1 0 1 0 0 1 1 0 1 1 1 1 0 1 
0 1 0 1 0 0 0 1 1 1 0 0 0 0 0 0 1 0 1 1 
1 0 1 0 1 0 0 1 1 0 0 1 0 0 0 1 0 1 1 1 
0 1 1 1 0 1 1 0 1 1 0 0 0 1 1 1 0 1 1 1 
0 1 1 0 1 1 1 1 0 0 0 1 0 0 0 0 1 1 0 1 
1 0 1 1 0 1 0 1 0 0 0 0 1 1 0 1 0 0 1 1 
1 0 0 0 0 0 0 0 0 0 0 1 1 1 1 0 1 1 0 1 
1 1 0 0 1 0 1 0 1 0 1 0 1 0 1 0 1 0 0 0 
1 0 0 1 1 0 0 0 0 1 1 1 0 0 0 1 0 0 0 1 
1 0 0 0 0 0 0 1 0 1 1 0 0 0 1 0 1 0 1 1 
1 0 0 0 1 0 0 1 0 0 1 1 0 1 0 0 1 0 0 1 
1 0 0 1 1 0 1 1 0 1 0 0 1 0 0 0 0 0 0 1 
0 0 0 1 1 1 0 0 1 0 1 1 0 1 1 0 0 0 1 0 
0 1 0 1 1 0 1 1 1 0 1 0 0 0 0 0 0 0 1 1 
1 1 1 0 0 1 1 1 0 1 0 0 0 1 0 0 1 1 0 0 
0 1 0 1 1 1 1 1 1 1 1 0 1 1 1 1 0 1 0 0 
######### Distances
10 22 17 22 8 21 4 16 18 10 10 28 5 5 19 14 21 19 28 27 
22 19 13 26 30 3 17 15 5 22 29 4 22 22 26 24 11 3 15 16 
17 13 25 2 22 17 6 32 17 12 24 22 11 27 20 27 14 29 7 23 
22 26 2 17 13 7 23 12 15 2 12 23 20 16 10 13 17 16 11 5 
8 30 22 13 17 20 3 18 19 25 20 23 20 18 9 17 8 31 17 7 
21 3 17 7 20 18 20 19 15 26 22 20 27 16 19 20 18 23 29 6 
4 17 6 23 3 20 17 3 10 18 17 5 26 10 17 7 20 15 17 36 
16 15 32 12 18 19 3 22 12 33 17 10 18 14 23 12 19 15 2 6 
18 5 17 15 19 15 10 12 25 22 15 26 16 22 15 19 17 23 24 3 
10 22 12 2 25 26 18 33 22 15 12 19 9 11 18 3 28 19 20 8 
10 29 24 12 20 22 17 17 15 12 22 2 18 3 5 21 22 3 20 26 
28 4 22 23 23 20 5 10 26 19 2 21 17 17 12 26 33 14 22 25 
5 22 11 20 20 27 26 18 16 9 18 17 25 18 19 9 15 27 27 6 
5 22 27 16 18 16 10 14 22 11 3 17 18 17 14 18 2 21 15 21 
19 26 20 10 9 19 17 23 15 18 5 12 19 14 19 22 6 15 17 12 
14 24 27 13 17 20 7 12 19 3 21 26 9 18 22 24 24 24 19 4 
21 11 14 17 8 18 20 19 17 28 22 33 15 2 6 24 17 19 15 28 
19 3 29 16 31 23 15 15 23 19 3 14 27 21 15 24 19 24 18 25 
28 15 7 11 17 29 17 2 24 20 20 22 27 15 17 19 15 18 23 13 
27 16 23 5 7 6 36 6 3 8 26 25 6 21 12 4 28 25 13 17 
